%time,field0,field1,field2,field3,field4,field5,field6,field7
1492200525563774108,-0.0172374143878,0.496734780728,0.222166793005,-0.0680421734063,-0.0243745858287,0.00202059062887,3.71055336576e-05,0.017078466
1492200525573966026,-0.0161779177568,0.493910604677,0.217970334857,-0.0676023182459,-0.0248128994601,0.00252152049329,1.5664217875e-05,0.016887728
1492200525583998918,-0.01935640765,0.498072473969,0.220995578852,-0.0668105789573,-0.0244372020618,0.00236497991066,7.99881652228e-05,0.01860437
1492200525594180107,-0.0230646458587,0.497233783967,0.222665796244,-0.0680421734063,-0.0245311264113,0.00230236367761,0.000155032770462,0.016124776
1492200525604252099,-0.0198861559655,0.497475390407,0.226481079554,-0.0683060865025,-0.0242180452461,0.0021771312115,0.000101429481005,0.017078466
1492200525614317893,-0.020415904281,0.499980933507,0.224810862162,-0.0670744920535,-0.0239049640808,0.00198928251234,2.63848757663e-05,0.019939536
1492200525624475002,-0.0188266593344,0.492814517876,0.223840545322,-0.0677782603101,-0.0243745858287,0.00239628802719,5.85468494402e-05,0.016506252
1492200525634541988,-0.020415904281,0.498895373612,0.22586778284,-0.0669865210214,-0.0244372020618,0.00230236367761,9.07088231141e-05,0.017078466
1492200525644671916,-0.0188266593344,0.504652332944,0.222048964605,-0.0682181154705,-0.0245624345279,0.00261544484287,-4.86597294728e-05,0.015552562
1492200525654805898,-0.0235943941742,0.498643240266,0.226158818916,-0.0680421734063,-0.0245624345279,0.00230236367761,9.07088231141e-05,0.017841418
1492200525664851903,-0.0220051492276,0.492572911436,0.219730691011,-0.0679542023742,-0.02409281278,0.00261544484287,0.000122870796788,0.017459942
1492200525674885034,-0.020415904281,0.498653767172,0.221757928529,-0.0671624630856,-0.0242806614791,0.00252152049329,3.71055336576e-05,0.016506252
1492200525684834003,-0.0220051492276,0.50032062027,0.221816842729,-0.0670744920535,-0.0242493533626,0.00211451497845,-1.64977557989e-05,0.01478961
1492200525695307016,-0.0225348975431,0.496981650621,0.224370773124,-0.0669865210214,-0.0242806614791,0.00211451497845,7.99881652228e-05,0.016887728
1492200525705192089,-0.0209456525966,0.504142802799,0.227070221556,-0.0674263761818,-0.0242806614791,0.00214582309498,-5.7770979076e-06,0.01765068
1492200525715215921,-0.0235943941742,0.501395653259,0.225160812438,-0.0680421734063,-0.0245311264113,0.00233367179413,-3.79390715815e-05,0.017459942
1492200525725200891,-0.020415904281,0.501055966496,0.22774243247,-0.0686579706308,-0.0243745858287,0.00255282860982,-0.000134424992603,0.014980348
1492200525735305070,-0.0156481694413,0.494239764534,0.219730691011,-0.0679542023742,-0.0243119695956,0.00230236367761,4.94355998368e-06,0.016506252
1492200525745394945,-0.0167076660723,0.497897367135,0.224928690563,-0.0668985499894,-0.0244058939452,0.00239628802719,-8.08217031467e-05,0.017269204
1492200525755409955,-0.020415904281,0.505315916111,0.223663802722,-0.0680421734063,-0.0242493533626,0.00202059062887,4.94355998368e-06,0.01669699
1492200525765459060,-0.0156481694413,0.492567647983,0.222284621406,-0.0678662313422,-0.0242806614791,0.0021771312115,7.99881652228e-05,0.017078466
1492200525775580883,-0.0214754009121,0.499059953541,0.226924703518,-0.0668985499894,-0.0245311264113,0.00233367179413,-9.15423610381e-05,0.01765068
1492200525785583972,-0.020415904281,0.491574904959,0.218968341334,-0.0676023182459,-0.02409281278,0.00230236367761,-4.86597294728e-05,0.01669699
1492200525795798063,-0.020415904281,0.491322771613,0.219612862611,-0.0681301444384,-0.0244372020618,0.00230236367761,4.94355998368e-06,0.01669699
1492200525805933952,-0.0209456525966,0.493247021509,0.216826810341,-0.0670744920535,-0.0243119695956,0.00208320686192,2.63848757663e-05,0.015552562
1492200525815958023,-0.0257133874363,0.49748065386,0.224457376961,-0.0676023182459,-0.0243745858287,0.00227105556108,6.92675073315e-05,0.016315514
1492200525826056003,-0.0177671627034,0.491909328269,0.217821281894,-0.0685699995987,-0.0244058939452,0.00227105556108,4.94355998368e-06,0.017841418
1492200525836149930,-0.0182969110189,0.500150776889,0.223196024046,-0.0672504341177,-0.0243745858287,0.00236497991066,4.78261915489e-05,0.01955806
1492200525846215963,-0.0172374143878,0.492655201401,0.219817294849,-0.0685699995987,-0.024750283227,0.00239628802719,-3.79390715815e-05,0.017269204
1492200525856326103,-0.0230646458587,0.499070480447,0.221463357528,-0.0676023182459,-0.0240301965469,0.00220843932803,4.78261915489e-05,0.016315514
1492200525866334915,-0.0214754009121,0.501318626748,0.222697020807,-0.0672504341177,-0.024155429013,0.00236497991066,4.94355998368e-06,0.017459942
1492200525876336097,-0.0156481694413,0.501472679771,0.22780134667,-0.0685699995987,-0.0241867371295,0.0021771312115,3.71055336576e-05,0.015934038
1492200525886437892,-0.0209456525966,0.501143519913,0.226806875118,-0.0670744920535,-0.0243745858287,0.00220843932803,4.78261915489e-05,0.018413632
1492200525896473884,-0.0161779177568,0.495402350941,0.222198017568,-0.0672504341177,-0.0244058939452,0.0021771312115,-5.93803873641e-05,0.01765068
1492200525906578063,-0.0209456525966,0.4965702008,0.221168786528,-0.0680421734063,-0.0243745858287,0.00239628802719,0.000176474086245,0.016124776
1492200525916621923,-0.0151184211257,0.500310093364,0.226630132517,-0.0673384051497,-0.0244998182948,0.00249021237677,0.000133591454679,0.015361824
1492200525926664113,-0.0214754009121,0.511221665013,0.22974198035,-0.0671624630856,-0.0241867371295,0.00220843932803,6.92675073315e-05,0.016315514
1492200525936780929,-0.0214754009121,0.497984920552,0.222579192406,-0.0674263761818,-0.0242180452461,0.00202059062887,9.07088231141e-05,0.015361824
1492200525946830987,-0.0241241424897,0.494990901119,0.220704542777,-0.0657549265724,-0.024687666994,0.00220843932803,-7.01010452554e-05,0.017459942
1492200525956979036,-0.0257133874363,0.49681180724,0.225455383439,-0.0676023182459,-0.0248128994601,0.00214582309498,4.94355998368e-06,0.018222894
1492200525966983079,-0.0246538908053,0.497984920552,0.222166793005,-0.0680421734063,-0.0244372020618,0.00208320686192,2.63848757663e-05,0.016887728
1492200525977098941,-0.0172374143878,0.492655201401,0.220583179451,-0.0674263761818,-0.0245624345279,0.0021771312115,4.94355998368e-06,0.019176584
1492200525987169981,-0.0172374143878,0.499152770411,0.221726703967,-0.0679542023742,-0.0246250507609,0.00239628802719,3.71055336576e-05,0.01288223
1492200525997229099,-0.01935640765,0.493992894641,0.218881737497,-0.0669865210214,-0.0240301965469,0.00223974744456,-3.79390715815e-05,0.019176584
1492200526007350921,-0.0267728840674,0.503232349739,0.223722716922,-0.0679542023742,-0.0242180452461,0.00227105556108,9.07088231141e-05,0.015552562
1492200526017328023,-0.0214754009121,0.497316073931,0.223400456284,-0.067690289278,-0.0239988884304,0.00198928251234,1.5664217875e-05,0.014408134
1492200526027481079,-0.0198861559655,0.496071197561,0.22096435429,-0.0676023182459,-0.024155429013,0.0021771312115,-4.86597294728e-05,0.019176584
1492200526037642955,-0.0209456525966,0.497650497242,0.222606882044,-0.0681301444384,-0.0247189751105,0.00239628802719,-3.79390715815e-05,0.016506252
1492200526047621965,-0.0188266593344,0.494738767773,0.219817294849,-0.0685699995987,-0.0245624345279,0.00192666627929,3.71055336576e-05,0.016315514
1492200526057723999,-0.0262431357519,0.505727365933,0.225982076315,-0.0683060865025,-0.0243432777122,0.00227105556108,-2.72184136902e-05,0.017269204
1492200526067780017,-0.0188266593344,0.498231790445,0.223722716922,-0.0679542023742,-0.0245937426444,0.00214582309498,4.94355998368e-06,0.015361824
1492200526077951908,-0.0220051492276,0.496065934108,0.223577198884,-0.0674263761818,-0.0243119695956,0.00227105556108,1.5664217875e-05,0.015552562
1492200526088083982,-0.0156481694413,0.501894656498,0.226307871879,-0.0670744920535,-0.0243119695956,0.00220843932803,4.94355998368e-06,0.016887728
1492200526098036050,-0.0172374143878,0.498401633826,0.222520278206,-0.0675143472139,-0.0242806614791,0.00164489323055,7.99881652228e-05,0.014026658
1492200526108115911,-0.0220051492276,0.498982927029,0.223930684085,-0.0668985499894,-0.0243745858287,0.00239628802719,4.94355998368e-06,0.016887728
1492200526118145942,-0.0220051492276,0.503144796321,0.225836558277,-0.0677782603101,-0.02409281278,0.0020518987454,7.99881652228e-05,0.01860437
1492200526128228902,-0.0177671627034,0.499059953541,0.226630132517,-0.0673384051497,-0.0243745858287,0.00186405004624,2.63848757663e-05,0.017459942
1492200526138361930,-0.0182969110189,0.490412318552,0.217031242579,-0.0675143472139,-0.024687666994,0.0020518987454,3.71055336576e-05,0.015934038
1492200526148700952,-0.020415904281,0.498560950302,0.225541987277,-0.0682181154705,-0.0246250507609,0.00258413672635,-4.86597294728e-05,0.017269204
1492200526158427953,-0.0273026323829,0.501730076569,0.225133122801,-0.0673384051497,-0.0240301965469,0.00236497991066,2.63848757663e-05,0.015361824
1492200526168637037,-0.0220051492276,0.494404344463,0.221612410492,-0.0666346368932,-0.0245937426444,0.0021771312115,5.85468494402e-05,0.017841418
1492200526178513050,-0.0209456525966,0.497151494003,0.222638106607,-0.0673384051497,-0.0244058939452,0.00211451497845,4.78261915489e-05,0.016887728
1492200526188551902,-0.0235943941742,0.493905341224,0.221231235653,-0.066458694829,-0.0239988884304,0.00211451497845,0.000112150138897,0.016124776
1492200526198581933,-0.0188266593344,0.496647227311,0.22410389176,-0.0681301444384,-0.0243745858287,0.00211451497845,4.94355998368e-06,0.014408134
1492200526208617925,-0.0182969110189,0.49965177365,0.222638106607,-0.0673384051497,-0.0243119695956,0.00249021237677,2.63848757663e-05,0.01765068
1492200526218638896,-0.0262431357519,0.500402910234,0.220960819364,-0.0690978257912,-0.0244058939452,0.00252152049329,-3.79390715815e-05,0.015552562
1492200526228713989,-0.0172374143878,0.495484640905,0.222932677607,-0.0668985499894,-0.0242806614791,0.00214582309498,4.78261915489e-05,0.0157433
1492200526238929033,-0.01935640765,0.501560233188,0.226099904716,-0.0681301444384,-0.0240615046634,0.00227105556108,2.63848757663e-05,0.01860437
1492200526248961925,-0.0209456525966,0.496400357418,0.222960367245,-0.0676023182459,-0.0239049640808,0.0021771312115,3.71055336576e-05,0.01669699
1492200526258984088,-0.020415904281,0.493900077771,0.222960367245,-0.0676023182459,-0.0239988884304,0.00211451497845,0.000155032770462,0.017269204
1492200526269035100,-0.0220051492276,0.500315356817,0.224017287923,-0.0675143472139,-0.0242806614791,0.0021771312115,7.99881652228e-05,0.01765068
1492200526279026031,-0.0177671627034,0.506637818993,0.229977637151,-0.0668105789573,-0.0242806614791,0.00252152049329,0.000112150138897,0.015934038
1492200526289304971,-0.0257133874363,0.502728083047,0.225659815677,-0.0680421734063,-0.0243745858287,0.00214582309498,-9.15423610381e-05,0.0157433
1492200526299175977,-0.0172374143878,0.499059953541,0.225628591114,-0.068833912695,-0.0243119695956,0.00198928251234,2.63848757663e-05,0.015552562
1492200526309259891,-0.0198861559655,0.498396370373,0.2249563802,-0.0676023182459,-0.0241867371295,0.00252152049329,-0.000102263018929,0.016124776
1492200526319288969,-0.0188266593344,0.495237771012,0.220905440089,-0.067690289278,-0.0244685101783,0.00230236367761,-5.93803873641e-05,0.0157433
1492200526329317092,-0.0135291761791,0.505881418956,0.232441428782,-0.0676023182459,-0.0247189751105,0.00233367179413,-0.000166586966277,0.017459942
1492200526339520931,-0.0177671627034,0.508145355615,0.226131129278,-0.0673384051497,-0.0243432777122,0.00227105556108,-5.7770979076e-06,0.015361824
1492200526349440097,-0.020415904281,0.499821617031,0.220669783289,-0.0680421734063,-0.0242806614791,0.00227105556108,9.07088231141e-05,0.015934038
1492200526359508037,-0.0214754009121,0.503232349739,0.223899459522,-0.067690289278,-0.0241241208965,0.00261544484287,-4.86597294728e-05,0.016887728
1492200526369577884,-0.0172374143878,0.50032062027,0.220579644526,-0.068921883727,-0.0244058939452,0.00198928251234,0.000133591454679,0.015361824
1492200526379694938,-0.0103506862859,0.497902630587,0.221491047166,-0.0683060865025,-0.0244372020618,0.00227105556108,-7.01010452554e-05,0.017841418
1492200526389777898,-0.0151184211257,0.494980374213,0.224339548561,-0.0677782603101,-0.0242493533626,0.00242759614371,-1.64977557989e-05,0.018413632
1492200526399823904,-0.0299513739606,0.494738767773,0.220759922052,-0.0671624630856,-0.0243432777122,0.00252152049329,4.94355998368e-06,0.017078466
1492200526409898996,-0.020415904281,0.493318784568,0.222198017568,-0.0672504341177,-0.0241241208965,0.00239628802719,-9.15423610381e-05,0.018413632
1492200526420022010,-0.0177671627034,0.494409607916,0.218763909096,-0.0671624630856,-0.0242180452461,0.00211451497845,0.000122870796788,0.0157433
1492200526429995059,-0.0220051492276,0.500145513436,0.225042984038,-0.0682181154705,-0.0242180452461,0.00239628802719,5.85468494402e-05,0.01669699
1492200526440056085,-0.01935640765,0.497825604076,0.219027255534,-0.0675143472139,-0.0245311264113,0.00227105556108,-9.15423610381e-05,0.018032156
1492200526450161933,-0.01935640765,0.50364379956,0.226394475716,-0.067690289278,-0.0242493533626,0.00227105556108,1.5664217875e-05,0.017459942
1492200526460151910,-0.0182969110189,0.501647786605,0.224339548561,-0.0677782603101,-0.0240301965469,0.00202059062887,5.85468494402e-05,0.0157433
1492200526470223903,-0.0230646458587,0.498905900518,0.219699466448,-0.0687459416629,-0.0243432777122,0.00242759614371,4.94355998368e-06,0.015934038
1492200526480210065,-0.01935640765,0.49506792763,0.222343535606,-0.0677782603101,-0.0239675803139,0.0021771312115,-9.15423610381e-05,0.015361824
1492200526490281105,-0.0188266593344,0.501817629987,0.222253396843,-0.0686579706308,-0.024750283227,0.00220843932803,6.92675073315e-05,0.016887728
1492200526500416040,-0.020415904281,0.495649220833,0.223400456284,-0.067690289278,-0.0244998182948,0.00249021237677,0.000122870796788,0.016124776
1492200526510406970,-0.0225348975431,0.49989338009,0.227160360319,-0.0665466658611,-0.0242493533626,0.0020518987454,-5.93803873641e-05,0.017269204
1492200526520486116,-0.0214754009121,0.495659747739,0.218292595495,-0.0678662313422,-0.0245311264113,0.00223974744456,-0.000102263018929,0.015934038
1492200526530517101,-0.0230646458587,0.502645793083,0.225042984038,-0.0682181154705,-0.0242806614791,0.00236497991066,5.85468494402e-05,0.016124776
1492200526540601968,-0.020415904281,0.500063223471,0.2249563802,-0.0676023182459,-0.0241241208965,0.00245890426024,7.99881652228e-05,0.016887728
1492200526550744056,-0.0209456525966,0.499476666815,0.226924703518,-0.0668985499894,-0.0243119695956,0.00249021237677,-8.08217031467e-05,0.016315514
1492200526560693025,-0.0225348975431,0.498900637065,0.222724710444,-0.0679542023742,-0.0242180452461,0.00227105556108,-5.93803873641e-05,0.018222894
1492200526570769071,-0.0241241424897,0.501724813117,0.227687053195,-0.0672504341177,-0.0241241208965,0.00214582309498,1.5664217875e-05,0.016887728
1492200526580806016,-0.0177671627034,0.500490463652,0.219023720609,-0.0690098547591,-0.0241867371295,0.00239628802719,4.94355998368e-06,0.01669699
1492200526590904951,-0.0214754009121,0.499821617031,0.220787611689,-0.0678662313422,-0.0243745858287,0.00220843932803,4.78261915489e-05,0.01669699
1492200526601016998,-0.0177671627034,0.497321337384,0.22125892529,-0.0671624630856,-0.0241867371295,0.00249021237677,3.71055336576e-05,0.015934038
1492200526611046075,-0.01935640765,0.493735497843,0.221962360767,-0.0676023182459,-0.0239675803139,0.00198928251234,3.71055336576e-05,0.018413632
1492200526621145009,-0.0214754009121,0.49814950048,0.223341542083,-0.0677782603101,-0.0243119695956,0.00227105556108,5.85468494402e-05,0.017459942
1492200526631174087,-0.0172374143878,0.487912038905,0.216972328379,-0.0676023182459,-0.0243432777122,0.00220843932803,5.85468494402e-05,0.01669699
1492200526641294956,-0.0220051492276,0.504142802799,0.227246964156,-0.0671624630856,-0.0243119695956,0.00211451497845,-9.15423610381e-05,0.018032156
1492200526651447057,-0.0167076660723,0.497403627349,0.22199358533,-0.0668105789573,-0.0245624345279,0.00223974744456,6.92675073315e-05,0.018413632
1492200526661444902,-0.0220051492276,0.50056222671,0.225455383439,-0.0676023182459,-0.0243745858287,0.00202059062887,-8.08217031467e-05,0.016887728
1492200526671565055,-0.0188266593344,0.500310093364,0.226453389917,-0.0676023182459,-0.02409281278,0.00208320686192,5.85468494402e-05,0.014598872
1492200526681638002,-0.0220051492276,0.508386962056,0.229710755788,-0.0679542023742,-0.0246250507609,0.00252152049329,3.71055336576e-05,0.017078466
1492200526691802024,-0.0257133874363,0.502892662976,0.226245422753,-0.0686579706308,-0.0242180452461,0.00227105556108,-8.08217031467e-05,0.017459942
1492200526702006101,-0.0257133874363,0.492238488126,0.22034752265,-0.0677782603101,-0.0240301965469,0.00214582309498,-7.01010452554e-05,0.018795108
1492200526711971044,-0.0177671627034,0.492495884925,0.217502556181,-0.0668105789573,-0.0240615046634,0.00227105556108,0.000144312112571,0.017078466
1492200526722096920,-0.0230646458587,0.50364379956,0.226630132517,-0.0673384051497,-0.024155429013,0.00227105556108,4.94355998368e-06,0.015934038
1492200526732177972,-0.0235943941742,0.497316073931,0.224460911887,-0.0661068107007,-0.0243119695956,0.00233367179413,4.94355998368e-06,0.016887728
1492200526742284059,-0.0177671627034,0.49690462411,0.220787611689,-0.0678662313422,-0.0244998182948,0.00230236367761,9.07088231141e-05,0.018795108
1492200526752366065,-0.0214754009121,0.494486634427,0.221463357528,-0.0676023182459,-0.0246563588774,0.00227105556108,9.07088231141e-05,0.018413632
1492200526762363910,-0.0225348975431,0.496142960619,0.226453389917,-0.0676023182459,-0.0245624345279,0.00220843932803,1.5664217875e-05,0.017459942
1492200526772497892,-0.0182969110189,0.499646510197,0.224485066599,-0.0683060865025,-0.0239675803139,0.00239628802719,7.99881652228e-05,0.016887728
1492200526782520055,-0.0214754009121,0.500150776889,0.222960367245,-0.0676023182459,-0.02409281278,0.00202059062887,3.71055336576e-05,0.015934038
1492200526792669057,-0.0220051492276,0.503314639703,0.22410389176,-0.0681301444384,-0.0240301965469,0.00236497991066,2.63848757663e-05,0.015171086
1492200526802768945,-0.0145886728102,0.495654484286,0.22120001109,-0.0672504341177,-0.0244372020618,0.00249021237677,4.94355998368e-06,0.017078466
1492200526812715053,-0.0241241424897,0.49506792763,0.221577651003,-0.068921883727,-0.0242180452461,0.00227105556108,1.5664217875e-05,0.017841418
1492200526822810888,-0.01935640765,0.494651214356,0.221577651003,-0.068921883727,-0.0248128994601,0.00233367179413,-7.01010452554e-05,0.016506252
1492200526832818984,-0.0156481694413,0.496986914074,0.221640100129,-0.0673384051497,-0.0238736559643,0.00242759614371,4.78261915489e-05,0.017269204
1492200526843004941,-0.01935640765,0.502558239665,0.227628138995,-0.0673384051497,-0.024155429013,0.0020518987454,4.94355998368e-06,0.015361824
1492200526853118896,-0.01935640765,0.493154204639,0.22125892529,-0.0671624630856,-0.0245624345279,0.00208320686192,7.99881652228e-05,0.015361824
1492200526863096952,-0.0177671627034,0.501817629987,0.223490595046,-0.0668105789573,-0.0242180452461,0.00233367179413,9.07088231141e-05,0.016315514
1492200526873132944,-0.0124696795481,0.496153487525,0.22199358533,-0.0668105789573,-0.0244685101783,0.00236497991066,4.94355998368e-06,0.015171086
1492200526883403062,-0.0235943941742,0.49690462411,0.22102326849,-0.0675143472139,-0.0244998182948,0.00214582309498,1.5664217875e-05,0.017269204
1492200526893280029,-0.01935640765,0.491734221434,0.222107878805,-0.0681301444384,-0.0244685101783,0.00202059062887,7.99881652228e-05,0.016124776
1492200526903470993,-0.0257133874363,0.494738767773,0.220524265251,-0.0675143472139,-0.0245624345279,0.00239628802719,4.78261915489e-05,0.0157433
1492200526913456916,-0.01935640765,0.493576181367,0.217998024494,-0.0683060865025,-0.0243432777122,0.00202059062887,-1.64977557989e-05,0.016315514
1492200526923593997,-0.0209456525966,0.496065934108,0.223753941485,-0.0671624630856,-0.0250633643923,0.00223974744456,-2.72184136902e-05,0.016887728
1492200526933593034,-0.0172374143878,0.504652332944,0.222520278206,-0.0675143472139,-0.0243745858287,0.00239628802719,-4.86597294728e-05,0.018413632
1492200526943886995,-0.0214754009121,0.50297495294,0.227038996993,-0.0682181154705,-0.0247815913435,0.00214582309498,0.000112150138897,0.017078466
1492200526953784942,-0.0246538908053,0.497984920552,0.222461364006,-0.0676023182459,-0.0244685101783,0.00230236367761,-7.01010452554e-05,0.017078466
1492200526963756084,-0.0230646458587,0.496899360657,0.223459370484,-0.0676023182459,-0.0245311264113,0.00245890426024,-5.7770979076e-06,0.017269204
1492200526973947048,-0.0267728840674,0.495643957381,0.226248957679,-0.0671624630856,-0.0244685101783,0.00211451497845,1.5664217875e-05,0.017269204
1492200526983925104,-0.0214754009121,0.493576181367,0.218115852894,-0.0681301444384,-0.02409281278,0.00233367179413,4.78261915489e-05,0.016887728
1492200526993940114,-0.0198861559655,0.496065934108,0.222752400082,-0.0686579706308,-0.02409281278,0.00227105556108,3.71055336576e-05,0.017078466
1492200527004065990,-0.0209456525966,0.499564220233,0.224398462761,-0.067690289278,-0.0243432777122,0.00252152049329,4.94355998368e-06,0.018032156
1492200527014132976,-0.0214754009121,0.497069204038,0.222198017568,-0.0672504341177,-0.0246250507609,0.00245890426024,4.94355998368e-06,0.016124776
1492200527024255990,-0.0177671627034,0.499821617031,0.220787611689,-0.0678662313422,-0.0241241208965,0.00230236367761,-7.01010452554e-05,0.017269204
1492200527034446954,-0.0235943941742,0.49473350432,0.222901453045,-0.067690289278,-0.0243745858287,0.00249021237677,3.71055336576e-05,0.0157433
1492200527044440031,-0.0257133874363,0.498895373612,0.225042984038,-0.0682181154705,-0.0243745858287,0.00233367179413,-5.7770979076e-06,0.018413632
1492200527054476976,-0.0251836391208,0.495237771012,0.221965895693,-0.0661068107007,-0.0244372020618,0.00223974744456,-7.01010452554e-05,0.018032156
1492200527064425945,-0.0257133874363,0.509302678569,0.230209759026,-0.0679542023742,-0.0242806614791,0.00208320686192,5.85468494402e-05,0.016887728
1492200527074754953,-0.0167076660723,0.490906058338,0.219730691011,-0.0679542023742,-0.0244058939452,0.00233367179413,6.92675073315e-05,0.017841418
1492200527084696054,-0.020415904281,0.494486634427,0.22199358533,-0.0668105789573,-0.0242180452461,0.00227105556108,0.000133591454679,0.016887728
1492200527094758987,-0.0235943941742,0.495155481048,0.220465351051,-0.0676023182459,-0.0243119695956,0.00236497991066,4.94355998368e-06,0.017078466
1492200527104809999,-0.0167076660723,0.503983486323,0.223459370484,-0.0676023182459,-0.0243119695956,0.00214582309498,0.000133591454679,0.018795108
1492200527114898920,-0.0257133874363,0.488992335347,0.218174767095,-0.0680421734063,-0.0244998182948,0.0021771312115,1.5664217875e-05,0.015552562
1492200527124993085,-0.0177671627034,0.496734780728,0.222520278206,-0.0675143472139,-0.0243432777122,0.00230236367761,2.63848757663e-05,0.016887728
1492200527135042905,-0.0182969110189,0.505310652658,0.226571218317,-0.0674263761818,-0.0244058939452,0.00230236367761,9.07088231141e-05,0.016887728
1492200527145227909,-0.020415904281,0.497984920552,0.222991591808,-0.0668105789573,-0.0243745858287,0.00230236367761,-8.08217031467e-05,0.0157433
1492200527155195951,-0.0241241424897,0.499816353578,0.223341542083,-0.0677782603101,-0.0245624345279,0.00186405004624,5.85468494402e-05,0.017269204
1492200527165203094,-0.0257133874363,0.498237053898,0.221109872327,-0.0681301444384,-0.0242806614791,0.00267806107592,1.5664217875e-05,0.016887728
1492200527175317049,-0.0209456525966,0.50089665002,0.225192037001,-0.0672504341177,-0.0245311264113,0.00183274192971,4.94355998368e-06,0.019176584
1492200527185457944,-0.0172374143878,0.492073908197,0.219997572375,-0.0668105789573,-0.0241867371295,0.00230236367761,4.78261915489e-05,0.017459942
1492200527195560932,-0.0161779177568,0.499821617031,0.220375212288,-0.0684820285667,-0.0240301965469,0.00252152049329,4.94355998368e-06,0.016506252
1492200527205548048,-0.0198861559655,0.502393659737,0.226689046717,-0.0672504341177,-0.0241241208965,0.00233367179413,-5.93803873641e-05,0.017269204
1492200527215626955,-0.0230646458587,0.500485200199,0.222991591808,-0.0668105789573,-0.0245624345279,0.0026467529594,-7.01010452554e-05,0.019176584
1492200527225636005,-0.0172374143878,0.503314639703,0.224398462761,-0.067690289278,-0.02409281278,0.0021771312115,-5.93803873641e-05,0.015934038
1492200527235683917,-0.0177671627034,0.499070480447,0.221050958127,-0.0682181154705,-0.0242806614791,0.00227105556108,0.000112150138897,0.016124776
1492200527245801925,-0.0182969110189,0.497650497242,0.223196024046,-0.0672504341177,-0.0241867371295,0.00177012569666,0.000122870796788,0.016887728
1492200527255899906,-0.0230646458587,0.498067210516,0.222783624644,-0.0678662313422,-0.02409281278,0.00239628802719,-5.7770979076e-06,0.017078466
1492200527265722990,-0.0167076660723,0.500140249983,0.227832571233,-0.0677782603101,-0.0239675803139,0.00227105556108,4.94355998368e-06,0.017841418
1492200527275744915,-0.0182969110189,0.501889393045,0.228508317072,-0.0675143472139,-0.0242493533626,0.00211451497845,2.63848757663e-05,0.015171086
1492200527285815000,-0.0177671627034,0.497650497242,0.223490595046,-0.0668105789573,-0.0243432777122,0.00242759614371,-5.93803873641e-05,0.018413632
1492200527296006917,-0.020415904281,0.501143519913,0.226335561516,-0.0677782603101,-0.0244372020618,0.00220843932803,4.94355998368e-06,0.01860437
1492200527305903911,-0.0182969110189,0.497738050659,0.220787611689,-0.0678662313422,-0.0246250507609,0.00161358511403,0.000112150138897,0.0157433
1492200527316154003,-0.020415904281,0.498489187243,0.220465351051,-0.0676023182459,-0.02409281278,0.00208320686192,-8.08217031467e-05,0.016315514
1492200527326118946,-0.0182969110189,0.496899360657,0.222929142682,-0.0683940575346,-0.0244372020618,0.00202059062887,0.000144312112571,0.018413632
1492200527336384057,-0.0235943941742,0.503731352977,0.224280634361,-0.0678662313422,-0.0241867371295,0.00189535816277,4.94355998368e-06,0.018413632
1492200527346662044,-0.0235943941742,0.489825761896,0.218469338095,-0.0676023182459,-0.0245311264113,0.00239628802719,-8.08217031467e-05,0.016887728
1492200527356573104,-0.0214754009121,0.498813083648,0.2249563802,-0.0676023182459,-0.0244058939452,0.00211451497845,-0.000123704334712,0.015552562
1492200527366655111,-0.0129994278636,0.501472679771,0.228979630673,-0.0668105789573,-0.0244058939452,0.00180143381319,9.07088231141e-05,0.01765068
1492200527376743078,-0.0235943941742,0.499059953541,0.226453389917,-0.0676023182459,-0.02409281278,0.0021771312115,4.94355998368e-06,0.018413632
1492200527386847019,-0.0225348975431,0.491245745101,0.217031242579,-0.0675143472139,-0.0243745858287,0.00236497991066,0.000101429481005,0.015934038
1492200527396862983,-0.0267728840674,0.5027333465,0.223341542083,-0.0677782603101,-0.0244058939452,0.0021771312115,3.71055336576e-05,0.017459942
1492200527406945943,-0.0214754009121,0.497568207277,0.222225707205,-0.0679542023742,-0.0241867371295,0.00211451497845,-0.000112983676821,0.017269204
1492200527417094945,-0.0172374143878,0.501735340022,0.222048964605,-0.0682181154705,-0.0244058939452,0.00233367179413,0.000176474086245,0.018222894
1492200527427089929,-0.020415904281,0.503144796321,0.226307871879,-0.0670744920535,-0.0241867371295,0.00239628802719,-9.15423610381e-05,0.01860437
1492200527437243938,-0.0220051492276,0.48866317549,0.216119839939,-0.0681301444384,-0.0242806614791,0.00198928251234,6.92675073315e-05,0.016315514
1492200527447307109,-0.0151184211257,0.498730793684,0.224810862162,-0.0670744920535,-0.0241867371295,0.00230236367761,1.5664217875e-05,0.015361824
1492200527457349061,-0.0220051492276,0.496647227311,0.224751947962,-0.0671624630856,-0.0242806614791,0.0020518987454,4.94355998368e-06,0.018222894
1492200527467463016,-0.0177671627034,0.494568924392,0.221726703967,-0.0679542023742,-0.0244685101783,0.00220843932803,7.99881652228e-05,0.016124776
1492200527477570056,-0.0177671627034,0.496235777489,0.221844532367,-0.0677782603101,-0.0242806614791,0.00233367179413,-0.000134424992603,0.017459942
1492200527487596035,-0.020415904281,0.499322613792,0.22011186585,-0.0681301444384,-0.0243432777122,0.00236497991066,4.94355998368e-06,0.017459942
1492200527497764110,-0.0172374143878,0.500238330306,0.220551954888,-0.0682181154705,-0.0242493533626,0.00214582309498,5.85468494402e-05,0.017841418
1492200527507791042,-0.0198861559655,0.493987631188,0.220846525889,-0.0677782603101,-0.0244685101783,0.0021771312115,4.78261915489e-05,0.0157433
1492200527517913103,-0.020415904281,0.49931735034,0.222665796244,-0.0680421734063,-0.0243119695956,0.00208320686192,-8.08217031467e-05,0.016315514
1492200527528028011,-0.0177671627034,0.496241040942,0.219467344573,-0.0676023182459,-0.0242806614791,0.00180143381319,-5.93803873641e-05,0.016506252
1492200527538016080,-0.0220051492276,0.500063223471,0.225192037001,-0.0672504341177,-0.0244058939452,0.00249021237677,4.94355998368e-06,0.018413632
1492200527548217058,-0.0230646458587,0.484501306198,0.214037223146,-0.0675143472139,-0.0244998182948,0.00227105556108,-4.86597294728e-05,0.01765068
1492200527558180093,-0.0241241424897,0.492655201401,0.219817294849,-0.0685699995987,-0.0241867371295,0.0026467529594,5.85468494402e-05,0.017269204
1492200527568265914,-0.0198861559655,0.491657194923,0.219703001374,-0.0672504341177,-0.0243745858287,0.00198928251234,-5.7770979076e-06,0.0157433
1492200527578413009,-0.0241241424897,0.494486634427,0.221522271729,-0.0675143472139,-0.0239675803139,0.0020518987454,-5.7770979076e-06,0.017078466
1492200527588432073,-0.0172374143878,0.501477943224,0.225954386678,-0.0676023182459,-0.0245311264113,0.00211451497845,-0.000112983676821,0.017269204
1492200527598637104,-0.0257133874363,0.499059953541,0.225982076315,-0.0683060865025,-0.0243432777122,0.00242759614371,6.92675073315e-05,0.0157433
1492200527608622074,-0.0241241424897,0.491158191684,0.218909427134,-0.067690289278,-0.0242180452461,0.00214582309498,1.5664217875e-05,0.01669699
1492200527618705987,-0.0172374143878,0.495901354179,0.222814849207,-0.0670744920535,-0.0241867371295,0.00252152049329,-3.79390715815e-05,0.019176584
1492200527628914117,-0.0209456525966,0.499059953541,0.225864247915,-0.0684820285667,-0.0246563588774,0.00239628802719,4.94355998368e-06,0.015361824
1492200527638919115,-0.0188266593344,0.498401633826,0.222520278206,-0.0675143472139,-0.0246563588774,0.00242759614371,-5.93803873641e-05,0.016887728
1492200527648992061,-0.0177671627034,0.502558239665,0.227451396394,-0.0676023182459,-0.0244372020618,0.00214582309498,0.000112150138897,0.015934038
1492200527659034967,-0.0188266593344,0.493905341224,0.22028860845,-0.0678662313422,-0.0244998182948,0.00252152049329,5.85468494402e-05,0.014026658
1492200527669153928,-0.0251836391208,0.493653207878,0.221227700728,-0.0679542023742,-0.0244685101783,0.00239628802719,-5.7770979076e-06,0.017269204
1492200527679161071,-0.020415904281,0.501560233188,0.226217733116,-0.0679542023742,-0.024155429013,0.00208320686192,1.5664217875e-05,0.017269204
1492200527689301967,-0.0188266593344,0.496806543787,0.22694885823,-0.0690978257912,-0.0241867371295,0.00202059062887,4.78261915489e-05,0.015171086
1492200527699333906,-0.0172374143878,0.490736214957,0.221699014329,-0.0672504341177,-0.0246563588774,0.00230236367761,1.5664217875e-05,0.018222894
1492200527709326028,-0.0220051492276,0.505310652658,0.226276647316,-0.0678662313422,-0.0246250507609,0.0026467529594,-8.08217031467e-05,0.017269204
1492200527719501972,-0.0214754009121,0.495150217595,0.222960367245,-0.0676023182459,-0.0245311264113,0.00195797439582,-9.15423610381e-05,0.018032156
1492200527729466915,-0.0209456525966,0.500392383329,0.226952393155,-0.0676023182459,-0.0239988884304,0.00214582309498,0.000112150138897,0.018413632
1492200527739624023,-0.0214754009121,0.501220546425,0.228917181548,-0.0683940575346,-0.0248128994601,0.0026467529594,4.78261915489e-05,0.01860437
1492200527749579906,-0.0225348975431,0.496734780728,0.222284621406,-0.0678662313422,-0.0244998182948,0.00230236367761,-0.000134424992603,0.016887728
1492200527759677886,-0.0172374143878,0.500392383329,0.227541535157,-0.0667226079252,-0.02409281278,0.00239628802719,-5.93803873641e-05,0.014980348
1492200527769623994,-0.0214754009121,0.500726806639,0.226512304117,-0.0675143472139,-0.0244058939452,0.00230236367761,0.000101429481005,0.015171086
1492200527779778003,-0.0151184211257,0.505469969134,0.230005326789,-0.0675143472139,-0.0241867371295,0.00220843932803,4.94355998368e-06,0.017269204
1492200527789796113,-0.0182969110189,0.496318067454,0.222402449806,-0.067690289278,-0.0242180452461,0.00211451497845,4.94355998368e-06,0.016124776
1492200527799921035,-0.028362129014,0.498314080409,0.224457376961,-0.0676023182459,-0.0243119695956,0.00227105556108,1.5664217875e-05,0.015934038
1492200527809979915,-0.0188266593344,0.493241758057,0.219145083935,-0.0673384051497,-0.0238110397312,0.00249021237677,7.99881652228e-05,0.015361824
1492200527819941043,-0.0220051492276,0.494322054499,0.22022969425,-0.0679542023742,-0.0245624345279,0.0021771312115,6.92675073315e-05,0.016315514
1492200527830116987,-0.0161779177568,0.495901354179,0.221283080002,-0.0693617388874,-0.02409281278,0.0027719854255,2.63848757663e-05,0.014408134
1492200527840177059,-0.0182969110189,0.503386402762,0.230064240989,-0.0674263761818,-0.0244058939452,0.00236497991066,0.000133591454679,0.018985846
1492200527850258111,-0.0257133874363,0.49439908101,0.223518284684,-0.0675143472139,-0.0244058939452,0.00202059062887,0.000101429481005,0.019939536
1492200527860265016,-0.0220051492276,0.49506792763,0.221636565204,-0.068833912695,-0.0237797316147,0.00214582309498,1.5664217875e-05,0.014408134
1492200527870424032,-0.0209456525966,0.498895373612,0.225160812438,-0.0680421734063,-0.0243745858287,0.00214582309498,-7.01010452554e-05,0.016315514
1492200527880450963,-0.0135291761791,0.488164172251,0.215915407701,-0.067690289278,-0.0243432777122,0.00242759614371,-4.86597294728e-05,0.014980348
1492200527890671014,-0.0299513739606,0.492572911436,0.21925937741,-0.0686579706308,-0.0244372020618,0.0020518987454,0.000101429481005,0.015361824
1492200527900660037,-0.020415904281,0.496148224072,0.224017287923,-0.0675143472139,-0.0243119695956,0.00242759614371,4.94355998368e-06,0.017269204
1492200527910732984,-0.0209456525966,0.502558239665,0.227745967395,-0.0671624630856,-0.0241867371295,0.00227105556108,6.92675073315e-05,0.015171086
1492200527920700073,-0.0214754009121,0.501637259699,0.22956523775,-0.0674263761818,-0.0241867371295,0.00236497991066,5.85468494402e-05,0.017841418
1492200527930829048,-0.0172374143878,0.499980933507,0.224516291161,-0.0675143472139,-0.0241867371295,0.00255282860982,-1.64977557989e-05,0.015552562
1492200527940989017,-0.0214754009121,0.498144237028,0.226072215078,-0.0674263761818,-0.0243432777122,0.00249021237677,4.94355998368e-06,0.017459942
1492200527951014041,-0.0273026323829,0.505639812516,0.229038544874,-0.0667226079252,-0.0241241208965,0.00227105556108,9.07088231141e-05,0.01955806
1492200527961095094,-0.0235943941742,0.492984361258,0.222343535606,-0.0677782603101,-0.024155429013,0.00211451497845,0.000122870796788,0.016887728
1492200527971303939,-0.0220051492276,0.500485200199,0.222225707205,-0.0679542023742,-0.024155429013,0.0020518987454,-0.000112983676821,0.015934038
1492200527981107950,-0.0172374143878,0.497151494003,0.222755935007,-0.0671624630856,-0.0241241208965,0.00239628802719,-8.08217031467e-05,0.017459942
1492200527991261005,-0.0172374143878,0.505305389205,0.22871274931,-0.0679542023742,-0.0242806614791,0.00223974744456,4.94355998368e-06,0.018795108
1492200528001286983,-0.0209456525966,0.495402350941,0.221608875566,-0.0681301444384,-0.0244058939452,0.0020518987454,4.94355998368e-06,0.0157433
1492200528011411905,-0.0167076660723,0.502722819594,0.228449402872,-0.0676023182459,-0.0242180452461,0.00249021237677,1.5664217875e-05,0.01765068
1492200528021576881,-0.0172374143878,0.496487910835,0.22108218269,-0.0674263761818,-0.0239049640808,0.00198928251234,1.5664217875e-05,0.014598872
1492200528031630039,-0.0172374143878,0.499152770411,0.222198017568,-0.0672504341177,-0.0242180452461,0.00223974744456,4.94355998368e-06,0.018222894
1492200528041874885,-0.0246538908053,0.501143519913,0.226335561516,-0.0677782603101,-0.0243119695956,0.00233367179413,5.85468494402e-05,0.016887728
1492200528051789045,-0.0198861559655,0.495248297918,0.216151064502,-0.0673384051497,-0.0241867371295,0.00173881758013,0.000112150138897,0.016887728
1492200528061876058,-0.0156481694413,0.502486476607,0.221962360767,-0.0676023182459,-0.0242806614791,0.00223974744456,-4.86597294728e-05,0.017269204
1492200528072065114,-0.0230646458587,0.491158191684,0.219203998135,-0.0672504341177,-0.0238736559643,0.00239628802719,-2.72184136902e-05,0.016124776
1492200528081985950,-0.0225348975431,0.501395653259,0.225455383439,-0.0676023182459,-0.0244685101783,0.00202059062887,-0.000177307624169,0.016315514
1492200528092178106,-0.020415904281,0.506884688886,0.230590933865,-0.0681301444384,-0.0245311264113,0.00186405004624,0.000122870796788,0.016887728
1492200528102157115,-0.0172374143878,0.499574747138,0.219290601973,-0.0678662313422,-0.0243432777122,0.00261544484287,4.94355998368e-06,0.015552562
1492200528112286090,-0.0235943941742,0.494146947664,0.224398462761,-0.067690289278,-0.0242180452461,0.00242759614371,-1.64977557989e-05,0.018985846
1492200528122376918,-0.028362129014,0.49482632119,0.218115852894,-0.0681301444384,-0.0240301965469,0.00220843932803,9.07088231141e-05,0.01860437
1492200528132359981,-0.0257133874363,0.499070480447,0.221522271729,-0.0675143472139,-0.0244372020618,0.00202059062887,7.99881652228e-05,0.015361824
1492200528142546892,-0.0209456525966,0.491739484887,0.219671776811,-0.0680421734063,-0.0241867371295,0.00211451497845,-2.72184136902e-05,0.017078466
1492200528152472972,-0.0209456525966,0.503227086286,0.225746419514,-0.0686579706308,-0.0243745858287,0.00255282860982,2.63848757663e-05,0.016887728
1492200528162646055,-0.0273026323829,0.503144796321,0.226248957679,-0.0671624630856,-0.0241867371295,0.0020518987454,4.94355998368e-06,0.016887728
1492200528172636985,-0.0209456525966,0.501724813117,0.227156825393,-0.0680421734063,-0.0244058939452,0.00202059062887,-2.72184136902e-05,0.015171086
1492200528182636976,-0.0257133874363,0.495155481048,0.22017078005,-0.0680421734063,-0.0245311264113,0.00223974744456,9.07088231141e-05,0.017841418
1492200528192810058,-0.0225348975431,0.496564937347,0.223722716922,-0.0679542023742,-0.0245624345279,0.00223974744456,4.94355998368e-06,0.01765068
1492200528202934026,-0.0135291761791,0.50297495294,0.227628138995,-0.0673384051497,-0.0244058939452,0.00261544484287,1.5664217875e-05,0.017078466
1492200528212927103,-0.0177671627034,0.49449189788,0.219380740736,-0.0669865210214,-0.0241867371295,0.0021771312115,0.000112150138897,0.016124776
1492200528223058938,-0.0129994278636,0.495407614393,0.219231687772,-0.0679542023742,-0.0241867371295,0.00230236367761,0.000101429481005,0.017459942
1492200528233052968,-0.0198861559655,0.498314080409,0.22416280596,-0.0680421734063,-0.0242806614791,0.0021771312115,-0.000112983676821,0.016887728
1492200528243177890,-0.0161779177568,0.491487351541,0.220257383887,-0.0686579706308,-0.0237797316147,0.00173881758013,4.94355998368e-06,0.016887728
1492200528253220081,-0.0156481694413,0.4965702008,0.221522271729,-0.0675143472139,-0.0243745858287,0.00255282860982,6.92675073315e-05,0.01669699
1492200528263298034,-0.0188266593344,0.501560233188,0.226099904716,-0.0681301444384,-0.0243119695956,0.00192666627929,4.94355998368e-06,0.01669699
1492200528273422956,-0.01935640765,0.495566930869,0.222017740042,-0.0690098547591,-0.0242493533626,0.00192666627929,-0.000102263018929,0.015361824
1492200528283480882,-0.0235943941742,0.509631838426,0.232087943581,-0.0681301444384,-0.0245624345279,0.00214582309498,0.000112150138897,0.017078466
1492200528293668031,-0.0230646458587,0.505552259098,0.230739986828,-0.0671624630856,-0.0242806614791,0.00242759614371,7.99881652228e-05,0.017269204
1492200528303690910,-0.020415904281,0.500150776889,0.223431680846,-0.0668985499894,-0.0241867371295,0.00186405004624,-8.08217031467e-05,0.018413632
1492200528313676118,-0.0188266593344,0.495906617632,0.219966347812,-0.0676023182459,-0.0245937426444,0.00233367179413,-0.000123704334712,0.018795108
1492200528323713064,-0.0220051492276,0.496400357418,0.223549509247,-0.0667226079252,-0.0243119695956,0.00245890426024,4.78261915489e-05,0.015552562
1492200528333849906,-0.0172374143878,0.496981650621,0.223840545322,-0.0677782603101,-0.0243119695956,0.00198928251234,5.85468494402e-05,0.016887728
1492200528343882083,-0.0172374143878,0.499059953541,0.227042531918,-0.0667226079252,-0.0244372020618,0.00186405004624,5.85468494402e-05,0.015552562
1492200528353943109,-0.0257133874363,0.500310093364,0.226512304117,-0.0675143472139,-0.0243119695956,0.00230236367761,9.07088231141e-05,0.017459942
1492200528363961935,-0.0246538908053,0.491657194923,0.219938658175,-0.0668985499894,-0.0243119695956,0.00233367179413,3.71055336576e-05,0.01478961
1492200528374053955,-0.0257133874363,0.499481930268,0.223663802722,-0.0680421734063,-0.0242180452461,0.0020518987454,4.94355998368e-06,0.016506252
1492200528384022951,-0.0151184211257,0.495654484286,0.22120001109,-0.0672504341177,-0.0243119695956,0.00227105556108,3.71055336576e-05,0.01860437
1492200528394191980,-0.0182969110189,0.492825044782,0.218968341334,-0.0676023182459,-0.0243119695956,0.00242759614371,6.92675073315e-05,0.018032156
1492200528404320955,-0.0172374143878,0.497326600837,0.218056938694,-0.0682181154705,-0.0245624345279,0.00227105556108,4.94355998368e-06,0.018413632
1492200528414311885,-0.0241241424897,0.495232507559,0.223459370484,-0.0676023182459,-0.0240615046634,0.00198928251234,-0.000102263018929,0.0157433
1492200528424340963,-0.0220051492276,0.504636542585,0.229828584188,-0.0677782603101,-0.0247815913435,0.00245890426024,4.94355998368e-06,0.01669699
1492200528434447050,-0.0214754009121,0.502887399523,0.228799353148,-0.0685699995987,-0.0240615046634,0.00245890426024,-3.79390715815e-05,0.017078466
1492200528444761037,-0.0267728840674,0.504811649419,0.225895472478,-0.067690289278,-0.0240301965469,0.00189535816277,9.07088231141e-05,0.018795108
1492200528454813957,-0.0241241424897,0.498473396885,0.227655828632,-0.0680421734063,-0.024155429013,0.00230236367761,4.78261915489e-05,0.018413632
1492200528464956045,-0.0172374143878,0.501560233188,0.226453389917,-0.0676023182459,-0.0242806614791,0.0026467529594,-0.000102263018929,0.017459942
1492200528474996089,-0.0214754009121,0.495988907597,0.220465351051,-0.0676023182459,-0.024155429013,0.00230236367761,9.07088231141e-05,0.016887728
1492200528485040903,-0.0257133874363,0.502481213154,0.225458918364,-0.0661068107007,-0.0244998182948,0.00236497991066,4.94355998368e-06,0.017078466
1492200528495212078,-0.0267728840674,0.49814950048,0.223223713683,-0.0679542023742,-0.0241867371295,0.00211451497845,4.94355998368e-06,0.015552562
1492200528505274057,-0.0209456525966,0.494152211117,0.220725162563,-0.0694497099195,-0.0245311264113,0.00242759614371,-9.15423610381e-05,0.018032156
1492200528515222072,-0.0198861559655,0.499564220233,0.224457376961,-0.0676023182459,-0.0244685101783,0.00233367179413,3.71055336576e-05,0.01669699
1492200528525300979,-0.0257133874363,0.498900637065,0.223490595046,-0.0668105789573,-0.0241241208965,0.00236497991066,-2.72184136902e-05,0.016887728
1492200528535391092,-0.0246538908053,0.494327317951,0.218029249057,-0.0675143472139,-0.0244058939452,0.00230236367761,4.94355998368e-06,0.01669699
1492200528545454025,-0.0177671627034,0.504976229348,0.226952393155,-0.0676023182459,-0.0244372020618,0.00223974744456,-5.7770979076e-06,0.018222894
1492200528555541992,-0.0209456525966,0.501483206676,0.224225255086,-0.066458694829,-0.0242180452461,0.00242759614371,4.94355998368e-06,0.019367322
1492200528565509080,-0.0209456525966,0.495150217595,0.222783624644,-0.0678662313422,-0.0245624345279,0.00239628802719,5.85468494402e-05,0.017459942
1492200528575655937,-0.0167076660723,0.505475232587,0.227745967395,-0.0671624630856,-0.0241867371295,0.00236497991066,2.63848757663e-05,0.017078466
1492200528585602045,-0.0214754009121,0.503314639703,0.223691492359,-0.0687459416629,-0.0244372020618,0.00211451497845,9.07088231141e-05,0.017078466
1492200528595813035,-0.0257133874363,0.492655201401,0.22022969425,-0.0679542023742,-0.0243432777122,0.00223974744456,-3.79390715815e-05,0.01860437
1492200528605906963,-0.0246538908053,0.503484483084,0.223726251847,-0.066458694829,-0.0240615046634,0.00214582309498,3.71055336576e-05,0.014217396
1492200528615856885,-0.0209456525966,0.501148783366,0.223722716922,-0.0679542023742,-0.0248128994601,0.00239628802719,4.94355998368e-06,0.019176584
1492200528625921010,-0.0209456525966,0.496564937347,0.224252944723,-0.0671624630856,-0.0242806614791,0.00208320686192,1.5664217875e-05,0.017269204
1492200528635987043,-0.0188266593344,0.492243751579,0.217970334857,-0.0676023182459,-0.0243432777122,0.00227105556108,-4.86597294728e-05,0.0157433
1492200528646066904,-0.0241241424897,0.498643240266,0.226865789318,-0.0669865210214,-0.0246250507609,0.00252152049329,-5.7770979076e-06,0.018795108
1492200528656146049,-0.0177671627034,0.501143519913,0.226571218317,-0.0674263761818,-0.0245624345279,0.00227105556108,-7.01010452554e-05,0.015552562
1492200528666166067,-0.0188266593344,0.493406337985,0.219553948411,-0.0682181154705,-0.0239362721973,0.00220843932803,4.94355998368e-06,0.016315514
1492200528676219940,-0.0214754009121,0.499399640304,0.223518284684,-0.0675143472139,-0.0245311264113,0.00233367179413,7.99881652228e-05,0.01669699
1492200528686338901,-0.0209456525966,0.496734780728,0.222461364006,-0.0676023182459,-0.0246250507609,0.00211451497845,-4.86597294728e-05,0.017459942
1492200528696708917,-0.01935640765,0.501318626748,0.222461364006,-0.0676023182459,-0.0243119695956,0.00249021237677,-3.79390715815e-05,0.016887728
1492200528706415891,-0.0214754009121,0.503972959418,0.228979630673,-0.0668105789573,-0.0243745858287,0.00211451497845,-3.79390715815e-05,0.01669699
1492200528716486930,-0.0209456525966,0.495320060976,0.221816842729,-0.0670744920535,-0.0244058939452,0.00223974744456,7.99881652228e-05,0.018413632
1492200528726667881,-0.0230646458587,0.501560233188,0.226453389917,-0.0676023182459,-0.0245937426444,0.00252152049329,-5.7770979076e-06,0.01669699
1492200528736711025,-0.0214754009121,0.501730076569,0.225722264802,-0.066458694829,-0.0249694400427,0.00239628802719,4.94355998368e-06,0.01669699
1492200528746728897,-0.0172374143878,0.497403627349,0.221168786528,-0.0680421734063,-0.0242493533626,0.00258413672635,-7.01010452554e-05,0.018413632
1492200528756875038,-0.0220051492276,0.498072473969,0.219994037449,-0.0683060865025,-0.02409281278,0.00183274192971,-9.15423610381e-05,0.01765068
1492200528766954898,-0.0177671627034,0.498900637065,0.222960367245,-0.0676023182459,-0.0244058939452,0.00202059062887,-7.01010452554e-05,0.017269204
1492200528776988983,-0.0209456525966,0.500145513436,0.225455383439,-0.0676023182459,-0.0245937426444,0.00223974744456,-7.01010452554e-05,0.016887728
1492200528787161111,-0.0220051492276,0.494738767773,0.22011186585,-0.0681301444384,-0.0246563588774,0.00223974744456,-5.7770979076e-06,0.015361824
1492200528797223091,-0.0172374143878,0.495073191083,0.219495034211,-0.0683060865025,-0.0244998182948,0.00245890426024,4.78261915489e-05,0.016315514
1492200528807297945,-0.0182969110189,0.497727523753,0.225954386678,-0.0676023182459,-0.0244372020618,0.00239628802719,4.94355998368e-06,0.015361824
1492200528817344903,-0.0188266593344,0.505140809277,0.227596914432,-0.0681301444384,-0.0243432777122,0.00220843932803,4.78261915489e-05,0.018413632
1492200528827541112,-0.0214754009121,0.495402350941,0.222021274967,-0.0675143472139,-0.0243745858287,0.00233367179413,0.000101429481005,0.01765068
1492200528837584018,-0.0241241424897,0.506807662375,0.227714742832,-0.0679542023742,-0.0242493533626,0.00236497991066,0.000101429481005,0.017459942
1492200528847739934,-0.01935640765,0.50297495294,0.226980082793,-0.0683060865025,-0.0244685101783,0.0021771312115,1.5664217875e-05,0.01765068
1492200528857800960,-0.0235943941742,0.492068644745,0.221491047166,-0.0683060865025,-0.0239362721973,0.00258413672635,0.000112150138897,0.016315514
1492200528867901086,-0.0257133874363,0.502892662976,0.226775650555,-0.0678662313422,-0.0241241208965,0.00227105556108,-3.79390715815e-05,0.018985846
1492200528877943038,-0.0209456525966,0.501066493402,0.222929142682,-0.0683940575346,-0.0242493533626,0.00220843932803,9.07088231141e-05,0.018222894
1492200528888123989,-0.0214754009121,0.498823610554,0.219966347812,-0.0676023182459,-0.0244058939452,0.00245890426024,3.71055336576e-05,0.0157433
1492200528898159980,-0.0209456525966,0.496652490764,0.221373218765,-0.0684820285667,-0.0241241208965,0.00195797439582,1.5664217875e-05,0.016315514
1492200528908221006,-0.0172374143878,0.500639253222,0.228272660271,-0.0678662313422,-0.0245311264113,0.00230236367761,9.07088231141e-05,0.015934038
1492200528918278932,-0.0257133874363,0.498319343862,0.222256931768,-0.0671624630856,-0.0242180452461,0.00227105556108,4.94355998368e-06,0.016124776
1492200528928392887,-0.0209456525966,0.497984920552,0.222048964605,-0.0682181154705,-0.0245624345279,0.00186405004624,1.5664217875e-05,0.016887728
1492200528938472032,-0.0246538908053,0.502470686248,0.229977637151,-0.0668105789573,-0.0244685101783,0.00220843932803,4.94355998368e-06,0.020130274
1492200528948633909,-0.0172374143878,0.499065216994,0.223604888521,-0.0681301444384,-0.0244998182948,0.00239628802719,3.71055336576e-05,0.015552562
1492200528958677053,-0.0220051492276,0.494815794285,0.223636113084,-0.0673384051497,-0.0246563588774,0.00252152049329,-0.000166586966277,0.01860437
1492200528968698024,-0.0230646458587,0.495896090726,0.224485066599,-0.0683060865025,-0.0245311264113,0.00249021237677,1.5664217875e-05,0.017841418
1492200528978816986,-0.0220051492276,0.497902630587,0.222256931768,-0.0671624630856,-0.0246250507609,0.00258413672635,7.99881652228e-05,0.016124776
1492200528988919973,-0.0167076660723,0.497984920552,0.222579192406,-0.0674263761818,-0.0242806614791,0.00233367179413,5.85468494402e-05,0.018032156
1492200528998904943,-0.0140589244947,0.500145513436,0.224807327237,-0.0685699995987,-0.0240301965469,0.00227105556108,1.5664217875e-05,0.015934038
1492200529009013891,-0.0177671627034,0.501724813117,0.227981624196,-0.0668105789573,-0.023497958566,0.00236497991066,0.000122870796788,0.017459942
1492200529019049882,-0.01935640765,0.498401633826,0.222932677607,-0.0668985499894,-0.0246250507609,0.00245890426024,2.63848757663e-05,0.01765068
1492200529029160022,-0.0188266593344,0.507635825471,0.230504330027,-0.0675143472139,-0.0245624345279,0.0021771312115,3.71055336576e-05,0.016887728
1492200529039283990,-0.0198861559655,0.483415746303,0.214976315424,-0.0676023182459,-0.02409281278,0.00283460165856,4.94355998368e-06,0.016887728
1492200529049377918,-0.0257133874363,0.495659747739,0.217998024494,-0.0683060865025,-0.0245624345279,0.0026467529594,-3.79390715815e-05,0.016887728
1492200529059494018,-0.0214754009121,0.501225809878,0.227070221556,-0.0674263761818,-0.0243119695956,0.00192666627929,4.94355998368e-06,0.016124776
1492200529069437026,-0.0198861559655,0.504482489562,0.223781631122,-0.0678662313422,-0.0238736559643,0.00227105556108,-9.15423610381e-05,0.014598872
1492200529079479932,-0.0257133874363,0.49748065386,0.224869776363,-0.0669865210214,-0.0239362721973,0.00189535816277,-5.7770979076e-06,0.019748798
1492200529089709997,-0.0225348975431,0.498977663577,0.225777644077,-0.0678662313422,-0.0243119695956,0.00233367179413,4.94355998368e-06,0.016887728
1492200529099689960,-0.0230646458587,0.492655201401,0.220995578852,-0.0668105789573,-0.0243119695956,0.00214582309498,4.94355998368e-06,0.017078466
1492200529109811067,-0.01935640765,0.500310093364,0.226571218317,-0.0674263761818,-0.0242806614791,0.0020518987454,0.000112150138897,0.015361824
1492200529119877099,-0.028362129014,0.49757347073,0.220143090412,-0.0673384051497,-0.0245624345279,0.00214582309498,2.63848757663e-05,0.016506252
1492200529129992961,-0.0220051492276,0.497902630587,0.221903446567,-0.067690289278,-0.0242493533626,0.0021771312115,4.94355998368e-06,0.016315514
1492200529140119075,-0.0188266593344,0.499147506958,0.224575205362,-0.0674263761818,-0.0240615046634,0.00214582309498,-8.08217031467e-05,0.016124776
1492200529150166034,-0.0235943941742,0.508386962056,0.230182069389,-0.0672504341177,-0.0247189751105,0.00223974744456,4.94355998368e-06,0.017269204
1492200529160231113,-0.0267728840674,0.496564937347,0.224370773124,-0.0669865210214,-0.0242493533626,0.00230236367761,9.07088231141e-05,0.015552562
1492200529170247077,-0.0177671627034,0.499059953541,0.225805333715,-0.0685699995987,-0.0241867371295,0.00202059062887,1.5664217875e-05,0.018413632
1492200529180279016,-0.0209456525966,0.498736057136,0.221432132966,-0.0683940575346,-0.0240301965469,0.00227105556108,3.71055336576e-05,0.017078466
1492200529190476894,-0.0151184211257,0.492907334746,0.219408430373,-0.067690289278,-0.0243432777122,0.00239628802719,4.94355998368e-06,0.016315514
1492200529200434923,-0.0209456525966,0.496652490764,0.221491047166,-0.0683060865025,-0.0244998182948,0.00267806107592,0.000155032770462,0.017841418
1492200529210580110,-0.0161779177568,0.49439908101,0.222752400082,-0.0686579706308,-0.0240615046634,0.00208320686192,4.94355998368e-06,0.015171086
1492200529220519065,-0.0188266593344,0.504389672692,0.228508317072,-0.0675143472139,-0.0243432777122,0.00223974744456,-0.000134424992603,0.016315514
1492200529230662107,-0.0167076660723,0.495150217595,0.222901453045,-0.067690289278,-0.0241867371295,0.00211451497845,-2.72184136902e-05,0.017269204
1492200529240824937,-0.0235943941742,0.496981650621,0.223545974321,-0.0682181154705,-0.02409281278,0.00230236367761,4.94355998368e-06,0.01669699
1492200529250828027,-0.0172374143878,0.49965177365,0.222343535606,-0.0677782603101,-0.0242806614791,0.00227105556108,-5.93803873641e-05,0.018413632
1492200529260900974,-0.0230646458587,0.499075743899,0.218850512934,-0.0677782603101,-0.0242493533626,0.00214582309498,4.94355998368e-06,0.016315514
1492200529270905971,-0.01935640765,0.499980933507,0.22410389176,-0.0681301444384,-0.024155429013,0.0021771312115,-7.01010452554e-05,0.015934038
1492200529281065940,-0.0198861559655,0.503803116036,0.229475098987,-0.0683060865025,-0.0243119695956,0.00202059062887,5.85468494402e-05,0.0157433
1492200529291240930,-0.0214754009121,0.503726089525,0.226422165354,-0.0683940575346,-0.024750283227,0.00211451497845,-0.000134424992603,0.016887728
1492200529301261901,-0.0145886728102,0.490571635028,0.22022969425,-0.0679542023742,-0.0243745858287,0.00239628802719,3.71055336576e-05,0.017078466
1492200529311398029,-0.0214754009121,0.493982367736,0.223105885283,-0.0681301444384,-0.0242493533626,0.00239628802719,-4.86597294728e-05,0.016887728
1492200529321561098,-0.0161779177568,0.501894656498,0.225129587875,-0.068833912695,-0.0241867371295,0.0021771312115,-9.15423610381e-05,0.017459942
1492200529331512928,-0.0167076660723,0.501976946462,0.226335561516,-0.0677782603101,-0.0240615046634,0.00249021237677,6.92675073315e-05,0.017269204
1492200529341628074,-0.0188266593344,0.504801122514,0.230708762265,-0.0679542023742,-0.0248442075766,0.00261544484287,-4.86597294728e-05,0.01765068
1492200529351599931,-0.0230646458587,0.500978939985,0.225396469239,-0.067690289278,-0.0244685101783,0.00211451497845,-3.79390715815e-05,0.015171086
1492200529361757040,-0.0177671627034,0.499065216994,0.223310317521,-0.0685699995987,-0.024687666994,0.00223974744456,-5.7770979076e-06,0.019367322
1492200529371925115,-0.0188266593344,0.496559673894,0.225923162115,-0.0683940575346,-0.0241867371295,0.00227105556108,4.94355998368e-06,0.01765068
1492200529381824970,-0.01935640765,0.499805826673,0.228449402872,-0.0676023182459,-0.0242180452461,0.00220843932803,4.94355998368e-06,0.015552562
1492200529391944885,-0.0214754009121,0.497639970336,0.227891485433,-0.067690289278,-0.0247189751105,0.00252152049329,4.94355998368e-06,0.018032156
1492200529401993036,-0.0167076660723,0.49647738393,0.226484614479,-0.0668105789573,-0.0241867371295,0.00192666627929,-2.72184136902e-05,0.019939536
1492200529412136077,-0.0257133874363,0.495237771012,0.220728697489,-0.0679542023742,-0.0241867371295,0.00245890426024,-0.000123704334712,0.018222894
1492200529422331094,-0.0156481694413,0.494903347702,0.220992043927,-0.0683060865025,-0.0244058939452,0.00211451497845,-1.64977557989e-05,0.01765068
1492200529432365894,-0.0235943941742,0.496076461014,0.218469338095,-0.0676023182459,-0.0239049640808,0.00255282860982,3.71055336576e-05,0.014408134
1492200529442466974,-0.0198861559655,0.495988907597,0.220465351051,-0.0676023182459,-0.0240301965469,0.00195797439582,4.94355998368e-06,0.016887728
1492200529452630996,-0.0230646458587,0.499811090126,0.226013300878,-0.0675143472139,-0.024155429013,0.00211451497845,-0.000123704334712,0.018032156
1492200529462723970,-0.0257133874363,0.494656477809,0.219730691011,-0.0679542023742,-0.0242806614791,0.00233367179413,4.94355998368e-06,0.015171086
1492200529472799062,-0.0230646458587,0.49415747457,0.219349516173,-0.0677782603101,-0.0248128994601,0.00227105556108,1.5664217875e-05,0.016887728
1492200529482816934,-0.0225348975431,0.496065934108,0.223459370484,-0.0676023182459,-0.0241867371295,0.00208320686192,7.99881652228e-05,0.017078466
1492200529492942094,-0.0177671627034,0.501560233188,0.226512304117,-0.0675143472139,-0.0245311264113,0.0021771312115,-7.01010452554e-05,0.017078466
1492200529502913951,-0.0225348975431,0.502146789844,0.2249563802,-0.0676023182459,-0.0240301965469,0.00239628802719,-0.00018802828206,0.015171086
1492200529513098955,-0.0220051492276,0.492655201401,0.219522723848,-0.0690098547591,-0.0241867371295,0.00236497991066,4.94355998368e-06,0.018032156
1492200529523154973,-0.0177671627034,0.492572911436,0.219966347812,-0.0676023182459,-0.0244685101783,0.00230236367761,3.71055336576e-05,0.018032156
1492200529533163070,-0.0151184211257,0.494990901119,0.219231687772,-0.0679542023742,-0.0243119695956,0.00233367179413,-8.08217031467e-05,0.016315514
1492200529543296098,-0.020415904281,0.501148783366,0.223899459522,-0.067690289278,-0.0242180452461,0.00211451497845,-5.7770979076e-06,0.015552562
1492200529553376913,-0.0267728840674,0.505310652658,0.226040990515,-0.0682181154705,-0.0242493533626,0.00223974744456,4.78261915489e-05,0.015361824
1492200529563405990,-0.0177671627034,0.499980933507,0.223632578159,-0.068833912695,-0.0240615046634,0.00208320686192,-5.93803873641e-05,0.015552562
1492200529573554039,-0.0257133874363,0.492907334746,0.219231687772,-0.0679542023742,-0.0241867371295,0.00236497991066,0.000112150138897,0.016315514
1492200529583575963,-0.0257133874363,0.492156198162,0.219553948411,-0.0682181154705,-0.0244998182948,0.00227105556108,4.94355998368e-06,0.01478961
1492200529593735933,-0.0225348975431,0.49748065386,0.22410389176,-0.0681301444384,-0.0246250507609,0.00208320686192,-0.000112983676821,0.017841418
1492200529603830099,-0.0251836391208,0.492737491365,0.221376753691,-0.0669865210214,-0.0240301965469,0.00211451497845,5.85468494402e-05,0.015934038
1492200529613929033,-0.0140589244947,0.49989338009,0.226865789318,-0.0669865210214,-0.024750283227,0.00261544484287,4.78261915489e-05,0.018413632
1492200529623982906,-0.0209456525966,0.498314080409,0.22416280596,-0.0680421734063,-0.0244372020618,0.00233367179413,-0.000134424992603,0.018222894
1492200529634073972,-0.0172374143878,0.499235060375,0.221872222004,-0.0684820285667,-0.0240615046634,0.00239628802719,4.94355998368e-06,0.01765068
1492200529644124984,-0.0167076660723,0.495901354179,0.222520278206,-0.0675143472139,-0.0244372020618,0.00202059062887,4.94355998368e-06,0.017269204
1492200529654308080,-0.0188266593344,0.498566213755,0.223459370484,-0.0676023182459,-0.0238423478478,0.00242759614371,9.07088231141e-05,0.015552562
1492200529664299964,-0.0209456525966,0.491909328269,0.218469338095,-0.0676023182459,-0.0238110397312,0.00227105556108,4.94355998368e-06,0.018413632
1492200529674460887,-0.0177671627034,0.499229796922,0.224720723399,-0.0679542023742,-0.0243432777122,0.00214582309498,5.85468494402e-05,0.018222894
1492200529684411048,-0.0182969110189,0.502563503118,0.2249563802,-0.0676023182459,-0.0245624345279,0.00208320686192,4.94355998368e-06,0.016506252
1492200529694664955,-0.0135291761791,0.496647227311,0.224987604763,-0.0668105789573,-0.0242806614791,0.00211451497845,-9.15423610381e-05,0.016506252
1492200529704711914,-0.0182969110189,0.506303395683,0.23035881199,-0.0669865210214,-0.0245624345279,0.00227105556108,1.5664217875e-05,0.016315514
1492200529714685916,-0.0214754009121,0.498648503719,0.224076202123,-0.0674263761818,-0.0245624345279,0.0021771312115,2.63848757663e-05,0.017459942
1492200529724766016,-0.0198861559655,0.500732070092,0.224429687324,-0.0668985499894,-0.0242493533626,0.0020518987454,-9.15423610381e-05,0.016506252
1492200529734786987,-0.0182969110189,0.501807103081,0.228009313833,-0.0675143472139,-0.024155429013,0.00223974744456,3.71055336576e-05,0.01765068
1492200529744869947,-0.0209456525966,0.495150217595,0.222842538845,-0.0677782603101,-0.0243119695956,0.00233367179413,6.92675073315e-05,0.015361824
1492200529754993915,-0.0246538908053,0.496647227311,0.22398606336,-0.0683060865025,-0.0244372020618,0.00220843932803,7.99881652228e-05,0.0157433
1492200529765005111,-0.01935640765,0.501143519913,0.226453389917,-0.0676023182459,-0.0245311264113,0.00255282860982,-9.15423610381e-05,0.016315514
1492200529775162935,-0.0225348975431,0.492408331508,0.218968341334,-0.0676023182459,-0.0246563588774,0.00252152049329,4.94355998368e-06,0.017841418
1492200529785223960,-0.0214754009121,0.501143519913,0.225923162115,-0.0683940575346,-0.0238736559643,0.00192666627929,0.000144312112571,0.019367322
1492200529795335054,-0.0220051492276,0.496899360657,0.223518284684,-0.0675143472139,-0.0243119695956,0.00242759614371,-3.79390715815e-05,0.018413632
1492200529805490970,-0.0209456525966,0.493653207878,0.220992043927,-0.0683060865025,-0.0240615046634,0.00233367179413,4.94355998368e-06,0.017459942
1492200529815510988,-0.020415904281,0.49989338009,0.226689046717,-0.0672504341177,-0.0244058939452,0.00214582309498,4.94355998368e-06,0.0157433
1492200529825506925,-0.0209456525966,0.49965177365,0.222402449806,-0.067690289278,-0.0245624345279,0.00198928251234,4.94355998368e-06,0.018222894
1492200529835530042,-0.0235943941742,0.50330937625,0.227718277758,-0.066458694829,-0.0240615046634,0.00167620134708,6.92675073315e-05,0.016124776
1492200529845608949,-0.0198861559655,0.500392383329,0.226422165354,-0.0683940575346,-0.0244058939452,0.00252152049329,7.99881652228e-05,0.016315514
1492200529855731010,-0.0230646458587,0.494327317951,0.218264905858,-0.0671624630856,-0.024687666994,0.0020518987454,4.78261915489e-05,0.016315514
1492200529865701913,-0.0251836391208,0.506637818993,0.229388495149,-0.067690289278,-0.0245624345279,0.00230236367761,0.000112150138897,0.016124776
1492200529875787019,-0.0209456525966,0.498895373612,0.225455383439,-0.0676023182459,-0.024687666994,0.00192666627929,-3.79390715815e-05,0.01669699
1492200529885900020,-0.0257133874363,0.502722819594,0.228272660271,-0.0678662313422,-0.0243432777122,0.0020518987454,-2.72184136902e-05,0.01478961
1492200529895915985,-0.020415904281,0.503150059774,0.222634571681,-0.068833912695,-0.0245624345279,0.00220843932803,1.5664217875e-05,0.015361824
1492200529906023025,-0.0246538908053,0.491909328269,0.218822823297,-0.0670744920535,-0.0243119695956,0.00211451497845,1.5664217875e-05,0.018222894
1492200529916102886,-0.0172374143878,0.493982367736,0.224107426686,-0.0666346368932,-0.0244058939452,0.00233367179413,-8.08217031467e-05,0.018222894
1492200529926182985,-0.0225348975431,0.501066493402,0.223400456284,-0.067690289278,-0.0244685101783,0.00239628802719,-0.000112983676821,0.015552562
1492200529936295986,-0.020415904281,0.496817070693,0.222783624644,-0.0678662313422,-0.0243745858287,0.0020518987454,-3.79390715815e-05,0.01669699
1492200529946537017,-0.0198861559655,0.495906617632,0.220202004613,-0.0672504341177,-0.0238736559643,0.00223974744456,4.94355998368e-06,0.016506252
1492200529956542015,-0.0214754009121,0.498643240266,0.225982076315,-0.0683060865025,-0.0245624345279,0.00227105556108,3.71055336576e-05,0.019176584
1492200529966571092,-0.0209456525966,0.504477226109,0.225982076315,-0.0683060865025,-0.0244058939452,0.0021771312115,0.000112150138897,0.014598872
1492200529976723909,-0.0167076660723,0.502393659737,0.226689046717,-0.0672504341177,-0.0242806614791,0.00242759614371,0.000112150138897,0.015934038
1492200529986867904,-0.0177671627034,0.489902788408,0.221463357528,-0.0676023182459,-0.0243432777122,0.00242759614371,0.000133591454679,0.014408134
1492200529996859073,-0.0177671627034,0.499229796922,0.2248385518,-0.0677782603101,-0.0244058939452,0.0021771312115,0.000144312112571,0.016887728
1492200530006984949,-0.0230646458587,0.498483923791,0.222194482643,-0.0687459416629,-0.0244998182948,0.00233367179413,5.85468494402e-05,0.01669699
1492200530017072916,-0.0220051492276,0.501807103081,0.228244970634,-0.0671624630856,-0.0240301965469,0.00186405004624,3.71055336576e-05,0.015552562
1492200530027121067,-0.0188266593344,0.494903347702,0.221286614928,-0.0678662313422,-0.0246563588774,0.00211451497845,6.92675073315e-05,0.016506252
1492200530037194013,-0.0225348975431,0.501477943224,0.225600901477,-0.0681301444384,-0.0241867371295,0.00236497991066,4.94355998368e-06,0.018985846
1492200530047233104,-0.0251836391208,0.499898643543,0.223487060121,-0.0683060865025,-0.0245624345279,0.00233367179413,-5.93803873641e-05,0.018032156
1492200530057307004,-0.0167076660723,0.502722819594,0.228095917671,-0.0681301444384,-0.0244372020618,0.00242759614371,-5.7770979076e-06,0.017459942
1492200530067257881,-0.0129994278636,0.500233066853,0.223341542083,-0.0677782603101,-0.0244685101783,0.00233367179413,4.94355998368e-06,0.017269204
1492200530077374935,-0.0145886728102,0.495901354179,0.222343535606,-0.0677782603101,-0.0243119695956,0.00227105556108,9.07088231141e-05,0.016124776
1492200530087440013,-0.0220051492276,0.490072631789,0.219966347812,-0.0676023182459,-0.0245624345279,0.00239628802719,-0.000209469597842,0.015361824
1492200530097631931,-0.0230646458587,0.492572911436,0.219966347812,-0.0676023182459,-0.0245624345279,0.00255282860982,-5.7770979076e-06,0.017841418
1492200530107556104,-0.0246538908053,0.492655201401,0.220877750452,-0.0669865210214,-0.0243745858287,0.00239628802719,-9.15423610381e-05,0.017078466
1492200530117851018,-0.0230646458587,0.496312804001,0.2249563802,-0.0676023182459,-0.024750283227,0.00227105556108,-4.86597294728e-05,0.016124776
1492200530127726078,-0.0209456525966,0.49348862795,0.220465351051,-0.0676023182459,-0.0241241208965,0.00227105556108,-4.86597294728e-05,0.018032156
1492200530137872934,-0.0161779177568,0.501982209915,0.223310317521,-0.0685699995987,-0.0244058939452,0.00227105556108,4.78261915489e-05,0.016124776
1492200530147944927,-0.0235943941742,0.501143519913,0.226394475716,-0.067690289278,-0.0243432777122,0.00239628802719,-0.000123704334712,0.016887728
1492200530158056020,-0.0214754009121,0.501483206676,0.223046971082,-0.0682181154705,-0.0241867371295,0.0020518987454,2.63848757663e-05,0.016887728
1492200530168041944,-0.0257133874363,0.493735497843,0.222198017568,-0.0672504341177,-0.0245624345279,0.00249021237677,4.78261915489e-05,0.01669699
1492200530178085088,-0.0262431357519,0.501395653259,0.225985611241,-0.0668105789573,-0.0243119695956,0.00227105556108,0.000101429481005,0.015934038
1492200530188157081,-0.0177671627034,0.502969689487,0.230771211391,-0.0663707237969,-0.0245624345279,0.00249021237677,4.78261915489e-05,0.01765068
1492200530198409080,-0.0235943941742,0.504060512835,0.225864247915,-0.0684820285667,-0.0245937426444,0.00208320686192,-5.7770979076e-06,0.016315514
1492200530208352088,-0.0103506862859,0.505310652658,0.226335561516,-0.0677782603101,-0.0241867371295,0.0021771312115,-0.000102263018929,0.016506252
1492200530218506097,-0.0209456525966,0.503057242904,0.227596914432,-0.0681301444384,-0.0242180452461,0.0021771312115,4.78261915489e-05,0.019939536
1492200530228461980,-0.0156481694413,0.505310652658,0.226099904716,-0.0681301444384,-0.0240615046634,0.00220843932803,4.94355998368e-06,0.01669699
1492200530238648891,-0.0220051492276,0.49955895678,0.226952393155,-0.0676023182459,-0.0240615046634,0.00223974744456,9.07088231141e-05,0.017459942
1492200530248704910,-0.0257133874363,0.489825761896,0.218233681295,-0.0679542023742,-0.0244372020618,0.00208320686192,-5.7770979076e-06,0.017078466
1492200530258774995,-0.0246538908053,0.501812366534,0.22569104024,-0.0672504341177,-0.0244372020618,0.00202059062887,4.94355998368e-06,0.01478961
1492200530268898963,-0.0209456525966,0.491816511399,0.223490595046,-0.0668105789573,-0.0242493533626,0.00220843932803,0.000122870796788,0.01669699
1492200530278951883,-0.0220051492276,0.505223099241,0.22797808927,-0.0683060865025,-0.0245624345279,0.00211451497845,4.78261915489e-05,0.01478961
1492200530289014101,-0.0209456525966,0.495731510798,0.223487060121,-0.0683060865025,-0.024155429013,0.00236497991066,2.63848757663e-05,0.019939536
1492200530299025058,-0.0288918773295,0.505310652658,0.226394475716,-0.067690289278,-0.0241241208965,0.00223974744456,4.78261915489e-05,0.015934038
1492200530309055089,-0.0182969110189,0.501236336783,0.221608875566,-0.0681301444384,-0.0244372020618,0.00239628802719,-0.000145145650495,0.01669699
1492200530319148063,-0.0257133874363,0.501976946462,0.226453389917,-0.0676023182459,-0.0241867371295,0.00214582309498,6.92675073315e-05,0.016887728
1492200530329045057,-0.0225348975431,0.499564220233,0.224751947962,-0.0671624630856,-0.0240301965469,0.00274067730898,0.000101429481005,0.01669699
1492200530339087963,-0.0172374143878,0.489162178729,0.21714907098,-0.0673384051497,-0.0244372020618,0.00202059062887,3.71055336576e-05,0.018413632
1492200530349220991,-0.0230646458587,0.501976946462,0.225923162115,-0.0683940575346,-0.0243119695956,0.00239628802719,0.000165753428353,0.016315514
1492200530359209060,-0.0167076660723,0.492572911436,0.220202004613,-0.0672504341177,-0.0245624345279,0.00189535816277,2.63848757663e-05,0.016124776
1492200530369204998,-0.0214754009121,0.50330937625,0.227423706757,-0.0668985499894,-0.0244058939452,0.00230236367761,7.99881652228e-05,0.018222894
1492200530379369974,-0.0220051492276,0.503885406,0.231211300429,-0.066458694829,-0.0242180452461,0.00202059062887,-4.86597294728e-05,0.017269204
1492200530389400959,-0.0214754009121,0.496487910835,0.220787611689,-0.0678662313422,-0.0244372020618,0.00239628802719,1.5664217875e-05,0.016124776
1492200530399528026,-0.0172374143878,0.497984920552,0.223168334408,-0.0665466658611,-0.0246250507609,0.00236497991066,4.94355998368e-06,0.017841418
1492200530409502983,-0.0167076660723,0.502481213154,0.224457376961,-0.0676023182459,-0.0246563588774,0.00208320686192,-4.86597294728e-05,0.016315514
1492200530419656038,-0.0145886728102,0.492578174889,0.217824816819,-0.0670744920535,-0.0240615046634,0.00236497991066,-4.86597294728e-05,0.016315514
1492200530429702043,-0.020415904281,0.494234501081,0.222461364006,-0.0676023182459,-0.0241241208965,0.00223974744456,1.5664217875e-05,0.015934038
1492200530439763069,-0.0262431357519,0.502810373011,0.226276647316,-0.0678662313422,-0.0243745858287,0.00252152049329,9.07088231141e-05,0.01765068
1492200530449832916,-0.0288918773295,0.496400357418,0.223431680846,-0.0668985499894,-0.0245624345279,0.0021771312115,-4.86597294728e-05,0.01669699
1492200530459872961,-0.0235943941742,0.499312086887,0.225337555039,-0.0677782603101,-0.0244372020618,0.00249021237677,-1.64977557989e-05,0.019176584
1492200530470035076,-0.0182969110189,0.493154204639,0.220905440089,-0.067690289278,-0.0244685101783,0.00227105556108,3.71055336576e-05,0.018795108
1492200530480134963,-0.0251836391208,0.494651214356,0.222579192406,-0.0674263761818,-0.0241867371295,0.00189535816277,-4.86597294728e-05,0.017269204
1492200530490170001,-0.0209456525966,0.507059795721,0.226952393155,-0.0676023182459,-0.0246250507609,0.00214582309498,5.85468494402e-05,0.01478961
1492200530500313043,-0.0209456525966,0.490659188445,0.218351509695,-0.0677782603101,-0.0242493533626,0.00239628802719,-2.72184136902e-05,0.017459942
1492200530510314941,-0.0225348975431,0.500891386568,0.227392482194,-0.067690289278,-0.0242493533626,0.00214582309498,4.94355998368e-06,0.016887728
1492200530520435094,-0.0151184211257,0.503649063013,0.223604888521,-0.0681301444384,-0.0241867371295,0.00236497991066,-4.86597294728e-05,0.01860437
1492200530530575037,-0.0299513739606,0.503227086286,0.226453389917,-0.0676023182459,-0.0246563588774,0.00227105556108,4.94355998368e-06,0.01765068
1492200530540565967,-0.0273026323829,0.505310652658,0.226512304117,-0.0675143472139,-0.0243119695956,0.00252152049329,-0.000134424992603,0.0157433
1492200530550638914,-0.0156481694413,0.495572194322,0.220759922052,-0.0671624630856,-0.0247189751105,0.00239628802719,0.000122870796788,0.01765068
1492200530560637950,-0.0257133874363,0.501477943224,0.226013300878,-0.0675143472139,-0.0241867371295,0.00230236367761,4.78261915489e-05,0.0157433
1492200530570709943,-0.0198861559655,0.498237053898,0.220874215527,-0.0684820285667,-0.0243432777122,0.00192666627929,7.99881652228e-05,0.017459942
1492200530580878019,-0.0235943941742,0.502985479846,0.222520278206,-0.0675143472139,-0.0240615046634,0.00223974744456,-8.08217031467e-05,0.015552562
1492200530590933084,-0.0182969110189,0.503726089525,0.226952393155,-0.0676023182459,-0.0243119695956,0.00211451497845,2.63848757663e-05,0.017841418
1492200530601078033,-0.0251836391208,0.499065216994,0.223663802722,-0.0680421734063,-0.0243745858287,0.00239628802719,-0.000166586966277,0.018413632
1492200530611229896,-0.0235943941742,0.496405620871,0.219994037449,-0.0683060865025,-0.0243432777122,0.00202059062887,2.63848757663e-05,0.015171086
1492200530621227025,-0.0214754009121,0.501148783366,0.223722716922,-0.0679542023742,-0.0242806614791,0.00177012569666,4.94355998368e-06,0.017078466
1492200530631295919,-0.0172374143878,0.500310093364,0.226571218317,-0.0674263761818,-0.0245624345279,0.00267806107592,4.78261915489e-05,0.017841418
1492200530641280889,-0.0167076660723,0.499476666815,0.226512304117,-0.0675143472139,-0.0244372020618,0.0021771312115,5.85468494402e-05,0.018222894
1492200530651367902,-0.0172374143878,0.496318067454,0.222579192406,-0.0674263761818,-0.0242493533626,0.00230236367761,3.71055336576e-05,0.015934038
1492200530661501884,-0.0246538908053,0.502059236427,0.227895020358,-0.0661947817328,-0.0245624345279,0.00227105556108,-9.15423610381e-05,0.020130274
1492200530671471118,-0.0182969110189,0.49348862795,0.22022969425,-0.0679542023742,-0.0243119695956,0.00223974744456,4.94355998368e-06,0.014598872
1492200530681565999,-0.0167076660723,0.500984203438,0.222783624644,-0.0678662313422,-0.0241867371295,0.00230236367761,2.63848757663e-05,0.016887728
1492200530691626071,-0.0167076660723,0.499641246744,0.227038996993,-0.0682181154705,-0.0245311264113,0.00236497991066,-4.86597294728e-05,0.016315514
1492200530701714038,-0.0135291761791,0.497984920552,0.222284621406,-0.0678662313422,-0.0240301965469,0.00198928251234,4.94355998368e-06,0.015934038
1492200530711922883,-0.0172374143878,0.492907334746,0.218937116772,-0.0683940575346,-0.0244058939452,0.00233367179413,-5.7770979076e-06,0.014598872
1492200530721895933,-0.020415904281,0.502141526391,0.227215739594,-0.0679542023742,-0.0241867371295,0.00180143381319,9.07088231141e-05,0.016124776
1492200530731955051,-0.0235943941742,0.50340219312,0.222638106607,-0.0673384051497,-0.0243745858287,0.00227105556108,4.94355998368e-06,0.018222894
1492200530741987943,-0.0257133874363,0.50538767917,0.229329580949,-0.0677782603101,-0.0242180452461,0.00202059062887,4.94355998368e-06,0.018032156
1492200530752028942,-0.0220051492276,0.4965702008,0.221286614928,-0.0678662313422,-0.0243432777122,0.00211451497845,4.94355998368e-06,0.018032156
1492200530762016057,-0.0198861559655,0.501976946462,0.226099904716,-0.0681301444384,-0.0243119695956,0.00214582309498,1.5664217875e-05,0.016315514
1492200530772042989,-0.0288918773295,0.497655760694,0.22022969425,-0.0679542023742,-0.0245937426444,0.00227105556108,-4.86597294728e-05,0.017078466
1492200530782162904,-0.0198861559655,0.499476666815,0.225864247915,-0.0684820285667,-0.0243432777122,0.0021771312115,4.78261915489e-05,0.019939536
1492200530792197942,-0.0177671627034,0.502969689487,0.229946412588,-0.0676023182459,-0.0243745858287,0.00198928251234,-0.000134424992603,0.01669699
1492200530802309036,-0.020415904281,0.498406897279,0.219907433612,-0.067690289278,-0.0244685101783,0.00208320686192,4.78261915489e-05,0.020130274
1492200530812342882,-0.0182969110189,0.49348862795,0.219994037449,-0.0683060865025,-0.0243432777122,0.00236497991066,6.92675073315e-05,0.015552562
1492200530822335004,-0.0209456525966,0.503720826072,0.229093924148,-0.0681301444384,-0.0244372020618,0.00227105556108,2.63848757663e-05,0.015934038
1492200530832468032,-0.0241241424897,0.497897367135,0.224751947962,-0.0671624630856,-0.0243745858287,0.00233367179413,3.71055336576e-05,0.018222894
1492200530842602968,-0.020415904281,0.505891945861,0.227097911193,-0.0681301444384,-0.0243119695956,0.00214582309498,4.78261915489e-05,0.016315514
1492200530852543115,-0.0214754009121,0.488405778691,0.219612862611,-0.0681301444384,-0.0245311264113,0.00223974744456,-0.000134424992603,0.018413632
1492200530862631082,-0.0267728840674,0.503484483084,0.223431680846,-0.0668985499894,-0.0244998182948,0.00202059062887,-1.64977557989e-05,0.016124776
1492200530872690916,-0.0257133874363,0.499481930268,0.223958373723,-0.0676023182459,-0.02409281278,0.00223974744456,2.63848757663e-05,0.017269204
1492200530882762908,-0.0278323806985,0.500479936746,0.223954838797,-0.0690978257912,-0.0241867371295,0.00208320686192,4.94355998368e-06,0.018413632
1492200530892885923,-0.0230646458587,0.493653207878,0.221286614928,-0.0678662313422,-0.0239362721973,0.00214582309498,7.99881652228e-05,0.01765068
1492200530902793884,-0.0172374143878,0.498154763933,0.22102326849,-0.0675143472139,-0.024155429013,0.00214582309498,4.94355998368e-06,0.015171086
1492200530912951946,-0.0188266593344,0.491662458376,0.216618843178,-0.0681301444384,-0.0241867371295,0.0021771312115,4.94355998368e-06,0.015552562
1492200530923017024,-0.0214754009121,0.49647738393,0.22666135708,-0.0665466658611,-0.0241241208965,0.00242759614371,2.63848757663e-05,0.018413632
1492200530933078050,-0.0209456525966,0.503304112797,0.22968306615,-0.0672504341177,-0.0241867371295,0.00183274192971,1.5664217875e-05,0.016124776
1492200530943131923,-0.0198861559655,0.496652490764,0.221549961366,-0.0682181154705,-0.0243432777122,0.00202059062887,2.63848757663e-05,0.015361824
1492200530953202009,-0.0235943941742,0.49348862795,0.220701007851,-0.0672504341177,-0.0243745858287,0.00236497991066,-1.64977557989e-05,0.018413632
1492200530963320016,-0.0220051492276,0.496060670655,0.225483073076,-0.0683060865025,-0.0245624345279,0.00195797439582,4.94355998368e-06,0.018222894
